-27
51
25
-29
-935
-65
41
17
165
-17
581
-151
-13
157
-83
71
295
-429
-247
-237
-153
159
207
411
-17
243
-251
-67
289
-281
125
161
-313
-177
-271
-73
147
179
209
53
-101
93
-103
-273
151
-75
117
111
-141
-57
-21
-245
11
51
69
113
-65
-9
-23
49
-63
15
-25
-21
29
15
-51
21
-1
11
5
1
43
-19
-13
-1
5
21
1
5
-1
5
-7
-19
9
-5
11
1
1
-7
-1
-3
5
-9
-5
3
-1
3
1
5
3
1
-1
-1
-7
-7
-1
1
9
-5
1
1
3
1
-1
1
-1
-3
9
-3
1
1
-1
-3
-3
1
13
-1
1
5
-3
1
-11
-5
3
-7
5
3
3
5
1
-3
-3
-1
1
5
-1
-1
3
-3
-3
-5
1
3
-1
5
3
-1
-1
-1
-3
3
5
3
5
-7
1
1
-1
-1
1
-3
1
1
5
5
-1
-3
1
-3
3
1
1
1
-3
-1
-3
1
-5
3
-7
-7
1
1
-1
5
1
3
-1
3
-5
1
9
3
3
1
-1
-7
5
-3
5
-5
-3
-15
1
1
-5
1
1
-5
3
1
-3
1
-3
-3
11
-5
-1
1
13
3
5
-3
-5
-9
1
-5
7
7
-3
1
3
-3
1
-3
3
9
3
-7
