7
107
65
155
163
275
-217
-143
-157
-521
-335
721
-3015
95
-211
-43
-65
-215
191
317
-553
115
-201
55
185
175
-67
-247
-155
4867
-27
5
1737
-219
177
-23
-405
333
-107
-337
-141
219
77
-275
-827
-149
-115
1127
-2541
-545
-283
-1303
-1277
-1999
203
4595
2135
-65
-89
603
159
327
211
133
-277
-65
-319
-8077
-2333
3819
-6323
1169
-1763
-371
-289
-357
1831
3223
-3305
1063
-31
675
175
345
-7
183
-1489
265
-517
-83
781
23
-5
-111
67
-115
13
-33
861
-13
403
85
-789
-457
119
455
-979
255
233
277
-79
-371
-1321
8149
-205
339
2711
-395
1051
75
-517
169
-603
-1341
-307
229
103
-333
-2145
-43
485
637
875
367
-41
63
-115
-537
947
-169
181
-75
-1357
-1225
-789
-2655
-3977
385
6327
3425
-409
-49
1519
-53
131
-175
1887
115
1305
89
237
533
-243
-173
-375
-7863
1709
-3623
-1279
91
-271
-435
85
857
-101
-109
-339
-969
-2333
4163
-5645
1655
-3177
-2265
1579
125
341
-309
73
1289
-611
-293
161
-255
-89
-63
397
29
-907
2333
-685
1365
507
-1155
-1225
-163
1219
-1107
-167
-137
-703
3209
3517
-3503
-2167
567
277
615
421
27
-453
225
23
693
217
-421
121
-45
465
-471
-221
-1737
723
-189
61
2701
469
-203
-73
-1487
6483
849
901
467
-289
41
203
-815
603
879
377
-191
27
-1937
-697
-853
-649
-3409
-3459
-445
1979
4517
2973
-581
-357
1613
-271
-55
225
-1257
461
349
-857
1539
-641
-1297
895
-87
-693
-263
825
135
-817
1791
989
-389
-665
393
-161
57
-573
2691
-99
77
1129
975
279
421
435
179
-421
-105
559
437
-539
203
-1021
1169
641
-1269
-1471
-609
-1325
2407
-2809
-1705
-209
-853
2513
2141
-2103
-1899
-553
1193
-543
-29
275
1143
-263
71
881
279
-109
-31
-1377
-4829
-2393
2399
-3547
1567
-1967
-2495
1545
143
91
-349
533
1897
605
71
-387
-295
-429
3091
349
807
637
667
-485
221
-263
1077
-741
-83
-1463
357
-61
95
1355
751
-219
95
-1393
-1009
-813
-263
-1975
-1505
-3455
251
2525
1667
-529
-515
1411
-241
129
737
-697
1661
249
-341
517
-539
-1081
771
-153
937
-727
1915
-2009
143
449
1565
153
421
307
749
-435
-175
443
23
757
239
-643
-79
-485
-1829
2125
-1299
-1517
-271
947
117
-597
2049
-941
901
463
-1383
-1667
501
181
-695
-243
389
-239
-237
343
-961
-965
-367
-725
1739
903
-1319
-1539
-319
-1077
-1489
653
-1855
1439
-871
-1527
1397
381
-95
169
821
371
-33
-107
-1115
1457
-153
-101
283
891
149
3
551
1
311
-227
217
241
-323
-91
-465
921
77
421
359
-479
355
-283
971
-225
-255
-1001
379
-47
79
749
673
79
-401
-197
429
105
399
115
525
-175
-171
-305
-985
981
-653
-1073
-95
585
-193
-11
73
-745
981
791
-573
1445
945
-357
-49
535
213
-441
-237
363
-223
105
-479
1261
1067
1081
-215
5
887
263
-113
39
-389
-775
-779
-181
-1513
-423
2531
1527
1123
-127
701
-51
461
185
-833
-1029
-607
-657
-829
303
-971
755
-479
-931
673
-279
-943
239
649
-183
147
-621
-1015
675
191
123
-79
-405
919
-203
-19
-121
-419
957
349
-965
1097
407
519
279
223
307
-47
-141
225
211
497
-93
169
29
-283
-97
487
277
-259
-145
-287
463
9
-323
-589
173
-219
-33
27
-389
689
267
275
-49
-25
-585
613
63
257
-27
-133
181
-117
53
-285
491
-909
175
105
467
-41
-121
15
45
47
245
-647
41
615
239
-279
177
49
-193
65
-613
807
-189
-129
-599
-33
-641
-209
-1749
33
541
727
-43
-119
-27
-449
733
-213
-523
-199
207
333
-51
367
-121
-437
-545
23
-261
-5
165
225
-61
203
79
-577
-143
-283
-299
-425
129
-441
345
433
-73
789
217
275
111
-117
71
-539
-293
301
-85
-575
-101
-97
391
67
-319
-243
-245
175
-143
123
-337
-287
519
5
27
-263
125
-257
159
241
-265
-485
69
123
47
199
379
-281
277
325
127
27
91
143
109
-61
-155
-239
279
1
19
37
-131
-65
39
93
-31
-5
137
-21
-75
187
-127
319
219
59
191
-53
39
-183
-73
-217
113
197
-67
53
-39
265
-189
69
297
163
-131
-87
-59
-87
215
-151
-253
-99
115
-81
-29
67
31
-1
3
35
-81
127
-73
-123
87
-29
-185
-123
-47
-303
-109
997
245
163
-7
-81
63
-117
29
-157
133
-165
-29
-305
-163
119
227
-167
-69
-125
-119
-207
41
-133
127
227
-37
229
47
19
-53
73
217
-121
-89
49
33
5
-35
59
-97
71
101
-65
-169
-33
79
67
61
-19
-11
-57
15
-27
-73
-85
-11
-73
-57
-335
13
125
119
5
79
-59
63
35
87
43
-35
51
-1
-29
-47
77
-63
93
-143
-45
169
79
37
43
-73
-39
103
27
-51
15
-83
13
-103
-7
-73
-43
71
-127
-101
77
17
-55
-5
101
5
33
-7
-39
47
15
-13
13
9
33
-45
-1
-31
-61
105
41
-85
63
23
-1
37
41
-9
-13
67
-39
25
159
-31
113
13
-5
3
-55
-15
59
-27
81
-71
21
107
53
135
63
-29
-105
-43
53
-43
-125
-87
59
43
-85
-43
-41
-89
-73
29
-121
29
93
-33
-63
-39
47
27
75
45
19
35
63
-15
55
9
-9
-57
13
33
-59
-45
25
-21
1
-59
29
-5
99
9
-101
5
49
11
35
9
-51
-31
-29
-31
73
-31
25
-39
-65
33
25
21
35
29
17
-3
55
5
35
-45
25
85
-45
59
-65
43
73
91
-61
-25
29
21
103
3
-33
-27
27
-9
-25
11
-13
-43
3
1
-5
23
23
7
19
-3
11
21
19
-13
-3
-25
75
-25
63
17
57
11
5
27
-13
-67
-21
-75
-73
45
85
19
-37
17
-73
71
-55
-91
-43
61
-31
-49
77
-15
15
35
-15
7
73
7
41
-13
17
-43
-37
-45
-21
-61
-23
135
-37
-1
-67
1
11
-53
35
-27
-27
15
-57
-5
31
13
-7
-17
-31
3
13
9
39
37
1
5
-7
47
9
-31
-23
33
25
-47
19
-17
15
63
-85
-13
-29
5
-7
65
-19
23
-3
55
-1
-7
37
53
43
-47
-47
-35
17
-1
-67
73
-7
15
33
-45
35
-41
19
-49
-39
9
-31
21
-43
19
19
65
5
31
7
9
-7
-43
47
-11
21
49
9
27
-41
25
-23
17
25
-41
-13
-7
-15
65
37
41
-35
51
49
3
23
19
13
33
-11
71
27
7
-29
11
-37
-19
-17
-5
85
-29
17
19
23
-59
-11
49
3
25
39
-23
-25
-59
-19
-73
13
9
-13
-47
15
-13
11
-17
-11
-29
-23
-105
-19
-129
33
3
-11
39
15
-37
39
-17
-11
23
-33
-39
-49
-33
57
13
11
9
17
-11
-49
21
11
-51
-21
13
-9
-33
61
35
-25
17
-9
11
-15
17
-21
5
-3
-17
7
29
37
-9
-49
9
-21
23
-25
-7
-1
25
-13
65
11
17
21
-15
23
-49
45
-7
5
23
23
-31
-41
-1
31
-7
-37
-41
15
17
3
7
25
-13
61
25
9
23
21
33
-21
-43
15
-31
9
-1
-17
3
-23
35
15
-1
-17
15
23
53
27
-49
-39
21
11
-25
-31
-27
17
37
49
-29
45
57
-7
-1
-15
-5
61
-47
-7
49
-79
1
-17
-5
7
19
-29
11
31
19
29
9
-39
-21
-13
-7
-17
11
3
-13
-21
3
-17
-23
-45
-13
-3
-15
37
9
-9
3
-31
-21
-25
-23
-11
-3
-13
1
-15
9
-21
19
-21
17
11
19
17
-11
1
-11
-75
19
-29
-27
29
39
-41
-19
3
9
33
3
-7
1
-1
37
23
3
-15
41
9
7
-47
-25
15
3
-23
-1
-15
5
-7
-7
-37
9
15
-15
3
15
1
47
1
27
-17
51
-1
-9
15
23
31
-5
-17
-19
-3
23
41
1
-15
-11
15
-31
39
47
15
7
-25
-1
-9
-13
-19
13
-23
-3
9
-19
25
-31
19
-5
3
19
1
7
7
-37
-35
13
39
9
-5
9
-17
7
-21
-11
-11
33
-21
-3
1
3
-25
25
9
-39
-37
13
-11
-15
15
9
17
-11
-3
-15
19
-19
-17
-15
7
15
17
13
-15
-9
-21
-17
65
-31
-15
35
11
-1
-41
21
3
-47
33
-43
13
13
-3
19
13
21
-39
25
-7
-9
-21
-19
57
51
5
-11
19
-1
5
5
-5
3
-11
-9
7
-27
-37
-9
-15
-47
-19
-11
19
19
-3
5
59
-21
-1
9
-9
-9
15
-23
33
23
-21
-31
-1
-1
-57
43
-15
27
7
-1
15
13
33
7
1
23
41
-29
-1
1
-11
45
-25
-13
-37
7
17
-35
-11
1
11
61
1
31
-13
1
-3
-19
-5
-3
29
-57
25
3
-11
17
-41
19
-15
-1
43
31
61
-11
-33
-3
33
19
-5
3
-65
-39
15
-5
-37
-29
-21
-25
-49
-13
37
5
-13
13
59
-7
25
49
3
-29
-19
-3
-17
35
37
15
33
-23
5
39
-3
-23
-3
43
-51
27
23
-7
-19
9
-51
-87
33
3
-97
-41
-5
-65
-35
39
-31
-43
-57
69
39
23
-19
17
-1
1
47
-33
25
-21
31
-43
-3
-19
-51
49
-19
17
1
23
35
33
5
3
-5
-5
-9
7
69
-11
-13
17
19
-23
29
-19
-17
-33
39
-43
7
23
-7
-3
-19
45
-33
-15
43
31
47
19
19
-7
15
15
7
43
-25
17
-5
-23
11
27
-29
-21
-21
-35
25
9
11
37
11
23
9
-11
-29
31
45
33
-3
5
-23
21
-9
-11
35
-17
9
-11
-53
-35
-3
-59
-29
-57
29
55
-13
5
29
3
-21
11
31
-13
13
-5
43
31
51
-45
-31
11
-53
43
-1
39
-35
7
13
-39
5
17
3
1
33
-17
-9
-11
-1
-47
15
-71
-35
-25
-37
21
23
19
-31
-39
-29
-15
29
-9
31
-61
-23
33
-7
31
-23
35
27
49
71
-23
-1
-13
59
-5
19
51
-49
-53
5
25
-59
11
-7
-71
9
-11
-9
-67
19
-71
1
-35
-25
3
-17
21
49
37
-37
25
15
1
31
13
27
15
-3
65
-47
7
-35
5
-21
-15
-9
3
59
-5
1
-21
45
47
-59
69
17
-27
37
-31
-11
17
35
37
-15
57
-61
-35
7
-33
-3
77
9
-63
31
1
25
-55
-19
63
3
13
27
-11
-75
33
9
-37
-43
-5
63
-17
-51
55
-55
5
-33
-7
-41
-1
-11
-43
-3
15
57
-31
-21
57
-11
17
39
33
-47
17
47
37
17
-35
73
33
-41
-23
-21
-57
9
21
89
-35
-17
-15
-111
-7
91
3
-99
9
21
-21
-23
11
25
37
-99
35
-19
23
-21
41
-25
-29
51
31
67
67
1
-9
-43
-39
47
47
17
45
-35
7
-13
3
1
37
53
-7
-11
49
1
-1
79
-61
53
-9
19
41
-75
-105
19
7
-3
-49
-71
25
-69
35
15
-27
69
29
11
-57
21
1
13
63
-13
3
17
-15
51
-41
-61
-5
-27
31
-35
-29
-9
-71
-43
-67
-27
17
-27
31
-33
-1
-25
43
15
-7
27
51
-15
-49
15
13
33
-9
-47
-59
-27
-47
15
25
81
-5
5
-11
-15
-19
-9
45
17
-57
-27
39
-37
-7
-53
33
17
13
5
47
-3
17
-15
45
17
61
-29
-47
15
-27
5
-59
-13
7
-25
-67
23
65
1
-15
21
29
29
-43
-5
-19
15
59
-23
25
-21
79
27
-23
-43
-29
-39
97
15
23
-23
-67
29
13
23
-5
51
31
-9
25
25
1
27
45
25
-25
-49
-67
7
-55
-17
39
-21
37
31
17
-1
25
-51
-81
55
21
-33
-7
-21
43
69
67
13
-43
-37
33
19
-35
7
-31
-55
-73
-19
-57
27
-35
-5
-27
3
-29
5
51
-45
83
53
23
-39
-43
-9
-33
-79
-55
39
11
-25
-41
-3
-15
29
-71
-5
3
65
3
-3
-1
19
-3
-17
-27
5
-29
11
-25
59
-19
-9
1
-41
1
-39
-33
17
29
3
3
51
-29
23
-35
89
-17
9
7
25
-15
39
-9
-43
43
5
13
23
-25
37
49
-43
-65
-23
25
-33
-37
-37
-41
45
83
-29
3
61
-21
65
-33
-17
5
-3
19
7
51
15
-21
-37
-9
49
7
-69
-21
3
33
31
15
-5
63
-31
61
-7
-1
-39
35
-3
59
1
-43
-85
7
-37
-13
13
-99
-73
5
31
-25
-3
-19
1
1
51
-37
57
31
59
9
9
17
3
-5
21
13
-33
-23
3
29
1
-29
-41
-23
-37
-25
3
11
17
17
19
-7
-19
1
-51
47
29
25
55
-25
-39
-11
53
29
-7
55
-57
23
-31
3
-41
-11
67
-1
91
1
-43
21
-19
-9
-13
-63
-47
-23
-41
31
-37
13
13
45
-69
37
-27
-77
11
-9
-57
41
39
27
59
-15
-15
25
103
-25
-7
29
-25
-71
-39
89
33
29
17
3
7
39
-31
19
-23
61
19
-23
-5
7
-15
29
5
7
43
-7
-5
11
-61
-7
57
-17
49
9
15
-27
-61
-31
-29
17
-11
-51
5
27
-7
7
39
9
45
21
5
-11
-27
-19
13
-99
-81
-3
-29
51
-31
81
-13
-35
-79
87
-57
51
57
-73
-5
-7
-13
3
17
13
-53
-33
-7
-7
9
-1
-67
-13
25
35
-33
-29
-1
-15
-19
41
87
-27
45
-33
13
-19
33
41
-27
23
-31
-35
-53
-29
-101
-9
-19
51
-91
45
-71
-7
37
31
-17
21
33
33
-55
67
-21
-49
49
1
27
-77
3
11
41
27
27
-33
11
27
-33
35
67
-39
-27
-19
-5
21
-5
-41
11
-91
-47
-113
-29
57
-23
-1
-3
7
9
-21
-67
9
9
65
49
-11
31
-5
67
21
15
-37
-53
19
35
-65
-19
-15
15
83
-15
77
-49
9
-43
1
-49
-7
-73
-45
9
25
11
79
53
39
15
-11
29
11
11
13
19
-43
-33
57
-47
3
25
77
35
-23
-35
-57
15
-63
15
-11
23
49
-17
-45
1
-3
29
-27
-5
53
-21
53
27
-41
31
-95
15
63
31
-3
57
19
-21
-1
-9
-21
-11
1
69
-29
-89
15
21
9
-9
31
-45
-55
-23
63
19
1
-81
-13
-31
3
7
-3
73
75
45
11
17
27
47
-11
39
15
49
-7
-87
43
19
-7
31
-57
-37
-23
-41
13
13
31
71
-91
49
13
-63
33
79
-23
-43
57
-3
-43
69
71
-37
-35
13
-3
29
-51
9
9
25
-7
93
31
27
21
-27
-25
59
-25
-27
-29
15
-23
-11
23
-47
-71
45
29
9
-11
-23
-43
-41
-45
7
1
-1
-57
-1
37
63
19
-81
25
-1
55
-29
-5
9
7
-1
55
41
-27
41
-53
95
23
-29
-9
-59
-31
9
-47
13
55
43
31
9
-13
-57
-73
49
-57
7
-61
69
-1
-5
-37
-1
-27
-9
-173
15
-13
-57
-37
-5
53
31
-15
57
-29
-109
-21
-21
-41
-11
69
-17
69
53
-61
49
33
25
-65
-49
53
19
-33
-127
7
-49
9
11
77
-57
77
-27
-41
33
7
9
1
87
-15
65
-71
31
-47
13
-33
1
17
-7
1
-29
79
37
-21
-7
11
29
71
-5
-65
-45
-43
59
-37
-33
41
-19
23
21
-79
-35
-27
9
73
-1
-9
-51
-9
-57
67
11
35
69
3
5
-13
-25
115
-3
15
-5
-69
69
-35
-23
-57
-83
3
69
15
-49
47
23
33
77
-39
-39
-119
33
-53
45
47
107
-7
-129
75
27
-9
119
17
9
-9
89
-5
-43
13
85
25
-3
3
9
-33
-9
59
-17
-21
51
-13
19
-25
41
39
13
1
-7
49
95
1
-13
-35
-33
-47
29
-47
-51
-69
29
19
-1
-37
73
19
-13
-117
-71
3
23
-7
37
-21
-83
-47
71
-25
7
-49
-53
-55
-77
-7
-55
-11
15
43
1
49
-7
-35
105
-59
21
7
-77
7
-11
59
-21
-75
23
-109
39
7
69
-21
11
17
65
-13
-9
-27
109
21
35
-13
7
-7
29
5
17
35
5
29
25
-7
33
-53
-13
55
51
-9
139
41
33
47
-13
29
53
-67
15
-1
-45
-9
17
31
-37
-41
81
-43
-27
-43
37
-37
-23
107
25
-23
-83
-59
33
-39
13
-9
27
27
5
-7
-11
41
57
-29
51
-81
59
19
11
-3
7
11
41
-7
-11
-67
-89
-37
15
-3
159
-17
11
-75
75
65
3
3
13
-9
-29
-61
15
-33
-51
-45
-15
-13
-31
-7
9
-37
-123
3
3
29
-17
-5
109
-17
33
-15
31
-49
-75
-37
29
-3
65
9
-75
-15
-47
-37
99
11
-7
37
87
-11
-13
21
5
27
49
13
-25
-15
55
41
-29
-59
-41
45
61
33
31
-39
-7
-37
-9
-49
73
27
-19
-7
33
5
61
-31
21
5
-39
19
-11
-97
-15
5
33
-25
21
-1
23
-17
49
41
-25
45
25
7
-43
39
-7
29
7
37
3
9
45
13
-25
-17
7
-11
-25
33
-49
-51
-25
17
-37
-35
-33
-5
41
23
13
-11
-13
-73
9
-49
21
17
37
-51
-57
57
-15
-1
17
39
-45
49
-37
23
19
-15
-35
1
-3
15
5
9
63
-65
-17
-1
17
-3
-11
23
-7
33
15
-17
39
3
-15
-45
17
15
-39
-39
-39
-33
11
-15
47
-11
-33
43
19
25
27
25
-61
59
-31
-49
19
-9
-11
-23
-27
-73
-11
47
-31
-23
-43
27
21
1
-3
23
19
55
-17
19
-27
61
-17
-51
-33
-37
45
15
17
-17
-17
-19
-23
-1
-39
-63
15
33
-1
-45
43
-35
-23
15
-1
19
23
17
-13
3
55
-81
1
-15
-25
13
-3
-15
13
-11
21
-49
23
-13
45
-19
-31
21
23
-15
21
31
-17
-19
9
21
-23
1
-31
57
27
7
49
51
21
1
-3
-91
-9
-15
-17
-27
27
-47
-5
57
47
-3
-49
-47
-13
21
-11
1
15
-33
-89
-43
11
55
39
53
17
41
-11
69
-9
-35
-13
11
-21
-3
1
-63
-17
-21
-47
-39
41
47
-3
37
37
-11
29
-5
-21
11
-15
15
13
29
-67
19
-45
19
-33
19
-3
-7
17
11
23
-53
9
15
55
-1
-51
-31
-11
-9
-19
-35
19
-47
21
-37
-33
-7
25
25
-49
-25
35
31
21
41
-51
29
-43
11
39
7
37
-19
-3
15
29
23
-19
-13
27
-15
43
-9
19
15
7
-25
57
-45
-35
-31
-19
43
13
9
-51
5
57
-85
-15
39
-51
-31
9
23
1
-9
-1
7
5
-17
17
-57
3
-47
21
-35
-19
-25
-13
-41
-9
-11
15
41
-21
-13
-1
7
-3
33
-7
-31
33
-7
-27
-15
47
-31
-31
-31
-21
43
23
23
17
49
-5
-69
-13
33
-37
9
23
21
-1
-71
-15
-7
49
1
-31
67
17
-5
25
53
11
23
55
-41
55
83
41
-57
73
-85
-17
-15
11
53
-1
-39
-5
-19
-73
-7
-17
45
-27
-13
1
-13
13
-9
17
7
13
79
7
19
25
-25
-57
19
-27
13
25
-19
113
-85
21
51
-23
-43
-7
39
53
-13
13
69
-27
47
65
23
81
-47
-21
-31
11
-59
-23
-21
5
-39
23
-43
-21
-33
39
31
5
49
-77
27
-27
55
-49
1
13
17
-73
-77
31
3
25
29
53
13
55
-11
45
21
19
-61
31
81
-27
-57
-11
-33
65
-69
9
45
-33
-3
31
125
-35
39
-73
-17
49
-13
31
-17
-5
9
31
-7
-35
17
-77
13
7
5
49
37
-11
17
-37
-55
-31
-35
-3
7
89
1
-55
13
-31
55
13
-47
1
-15
-1
17
-65
-53
-3
5
-55
-39
57
15
-21
33
37
-3
85
21
5
41
-1
-11
13
11
35
3
-31
-5
-27
-61
-91
7
-105
15
-17
7
-7
-11
-25
3
31
37
13
11
-1
-13
27
-11
-3
41
-11
75
11
65
-37
-11
-43
43
57
-11
-7
-19
21
-19
41
19
-59
-13
-53
7
19
11
1
-33
-3
-11
-23
5
41
-27
-11
15
-1
-11
-27
-17
-15
19
75
41
-3
-7
13
31
-39
-15
5
-1
-17
23
15
17
-37
-11
9
-23
21
-3
-9
29
55
-11
-1
3
29
13
33
51
3
-27
23
11
33
-35
25
7
-23
-107
47
-3
-1
-43
17
7
51
-7
23
-9
-21
9
-19
-79
1
-15
37
9
37
51
-43
13
3
35
11
25
23
27
-21
-11
-3
11
-39
-17
7
17
1
-1
-33
-45
13
21
-75
41
-7
15
29
61
-77
25
33
-25
65
-39
21
1
3
53
-23
-29
29
-1
-5
5
-9
23
-33
9
27
-13
33
19
-21
-27
-17
-21
53
-7
-17
7
5
17
-17
47
-43
-35
9
-3
-41
9
-7
7
37
9
-17
-43
37
-11
-13
-13
9
17
25
7
-37
35
-1
41
-11
-17
-9
-21
43
-13
-21
-21
9
-19
9
-29
7
-21
5
9
-9
-33
51
-47
25
9
-37
29
-15
-27
3
-13
19
-5
-41
-23
21
1
-1
-53
-49
9
-11
-33
39
29
41
-1
-19
-17
-21
-53
-25
-47
3
-47
29
31
31
7
55
-17
-7
-85
49
9
-29
37
29
-11
13
-1
31
-7
9
13
3
-7
27
33
-11
1
7
25
53
-15
-59
51
9
7
7
47
-5
-15
-13
-29
43
15
-19
-17
47
33
3
-15
-47
-7
15
-19
9
-3
67
-27
-5
51
5
-57
-39
-49
-1
-27
57
9
-11
15
-17
-47
-19
-25
-55
-61
5
-1
-21
-37
-37
29
-11
43
-55
-67
-73
11
33
65
-33
55
-21
-1
-3
7
-29
-39
57
-5
-11
19
-19
15
7
-35
-41
-93
-7
19
23
-15
-3
55
-31
27
-29
53
19
-5
-17
57
41
19
-9
-61
59
21
-15
79
-39
-19
35
-7
-15
19
-3
5
27
11
9
-17
73
-49
-11
-17
7
47
-83
29
29
-3
35
-17
33
11
11
1
1
-15
11
5
19
-35
-17
-39
-13
-7
25
-25
-25
-53
53
-55
119
51
3
3
-9
-87
39
11
11
9
-5
69
13
-41
-37
5
-5
-41
-65
-53
-3
-27
25
53
33
47
13
67
23
-23
33
-5
3
7
-69
57
21
17
29
-11
-35
-45
29
39
59
-19
45
-13
3
-29
21
-27
-13
61
27
15
-45
-29
-39
-47
19
-41
-9
3
-39
9
-31
11
-3
27
15
95
19
41
-45
-35
15
-25
27
3
-19
-3
-19
21
-13
-103
-17
37
27
-33
-67
-47
-27
-47
5
-69
-13
41
97
-9
-63
45
-19
-9
53
-73
-21
-7
-33
-19
7
63
-15
73
11
-9
25
1
19
-3
31
-1
-21
-17
9
13
29
43
-33
23
31
69
-1
-19
39
13
-9
31
-33
-29
-13
-15
27
29
49
-33
9
41
-87
5
5
-7
-35
3
15
15
113
67
9
57
-23
11
3
51
-19
-3
-27
31
-41
29
7
19
-61
9
-31
-41
11
-21
-15
-13
43
-11
-7
-17
-13
31
9
-71
-95
-51
-45
17
-17
13
13
19
41
9
17
-11
25
-27
69
-21
-21
-27
23
3
9
-3
11
3
-5
13
-25
11
41
-79
-5
-11
41
41
-1
33
23
15
23
-19
33
3
11
-9
-27
45
-15
-19
-1
27
-11
27
-35
-33
3
15
-3
1
11
13
-5
-1
-25
-17
-31
39
-29
51
31
-17
-5
-3
13
-3
-31
-1
-31
-55
-29
-17
7
17
29
-1
3
-19
-25
-25
-13
31
-13
-67
27
-1
37
3
13
-43
11
-17
-25
39
-1
-55
-1
25
-17
59
-47
37
43
73
61
15
-57
-13
-1
17
-39
-59
-25
-85
-5
-1
7
9
-7
57
11
-23
-43
-19
-7
19
15
37
-21
5
53
45
3
-55
-63
-19
-31
5
-27
63
13
-39
33
73
-3
25
-51
13
-77
-19
-9
13
71
-37
-25
65
-59
37
51
45
-47
29
-53
21
43
-71
-23
37
51
-29
51
-21
27
-39
51
-81
-41
45
5
-15
-65
-65
-13
5
-1
-71
5
21
15
-65
-49
19
-3
-109
57
-9
51
-81
-65
-27
3
-69
11
-7
63
33
11
27
67
93
-35
-7
7
-11
93
47
-23
-41
-61
17
-15
35
21
27
-5
-37
-53
61
27
-19
-27
47
-27
-59
-59
67
29
57
17
-81
73
31
-79
-45
47
-9
69
27
-47
47
87
-35
19
-23
-29
-55
-65
-29
9
31
-55
45
-33
-9
37
-3
-43
-11
-33
49
35
33
-7
9
83
61
-7
-1
13
57
-21
67
25
41
13
-65
-33
3
-63
-33
29
-49
67
-37
-57
29
-33
-51
1
35
5
-13
39
-87
-39
-29
109
-29
-45
-37
-3
-59
-15
19
-35
101
-33
65
35
1
-37
-13
65
43
23
73
19
-107
21
-53
33
105
-29
-59
-9
29
-13
73
35
13
85
67
77
13
-35
-53
-7
-51
-21
13
3
-9
15
-13
7
-71
39
-53
-1
-93
-77
35
21
9
83
7
-37
95
35
11
-19
5
63
-7
-37
-33
-9
17
-29
-89
27
39
5
-99
-35
-53
35
53
-25
-47
15
39
25
57
-25
17
5
-27
29
-69
23
17
19
-59
1
-59
37
-23
-15
37
11
-9
-49
-21
15
-43
-109
27
-39
7
1
3
37
-61
25
-41
9
7
27
-17
1
43
45
29
43
7
51
-11
-103
65
-25
75
-15
-81
-31
43
5
15
-59
19
-35
-7
25
17
-33
9
19
-1
-17
11
-67
-73
-27
-7
-39
-37
-59
11
-23
107
41
-1
51
47
-23
41
-41
-47
1
-47
43
35
11
35
-45
-45
-97
23
-21
101
-45
65
47
-47
-5
11
91
-9
-41
-3
-17
-17
25
53
65
23
1
17
-13
47
41
-45
-21
-37
35
5
-11
27
49
13
-35
11
33
9
25
117
-7
-11
47
11
-29
51
-43
71
1
33
-67
1
-3
-7
-9
-77
15
-5
-99
-63
29
-35
-101
67
9
61
-15
49
-49
-23
19
77
-35
-79
35
-43
55
-85
-9
41
-53
-25
77
19
17
5
85
-31
5
-35
7
25
-23
-33
41
3
-5
73
-3
-69
-5
65
45
-29
-37
3
-1
-35
-51
-73
15
21
-31
25
-35
37
-25
3
-69
5
13
27
25
-105
-11
-29
-45
79
-3
39
41
-45
79
19
-1
19
-41
-37
-1
-49
31
-33
-47
-29
49
-9
23
-45
-47
-13
45
1
5
-33
-73
63
-45
7
143
35
-7
11
11
-19
15
25
5
-27
-27
-31
55
15
17
55
-79
17
35
51
37
57
21
-27
-9
3
49
37
-19
41
13
-49
-47
-29
-71
-29
-25
47
33
-11
23
61
-37
57
-17
-5
19
3
-9
-33
-45
45
-37
49
-25
39
35
-33
-39
39
13
-3
11
-55
27
9
47
17
-59
57
3
33
-37
41
-1
37
23
-41
49
23
19
41
39
-37
37
-19
-29
-1
-37
-17
23
-95
63
41
15
-17
-21
3
21
-5
-11
43
-17
1
-133
-43
-11
23
23
5
-91
-25
-5
-19
3
71
-37
-33
-5
-55
1
-29
-47
-7
15
-43
-57
3
-39
-23
37
23
-9
-9
-1
59
19
11
69
69
21
3
-11
-55
19
13
37
-5
11
-9
29
-29
47
-15
-25
-3
-7
-5
-17
-19
1
11
57
-51
-21
-21
-43
5
-7
69
-7
39
13
53
51
-69
-71
-1
29
27
-7
-21
1
29
-49
19
7
-39
-91
-19
-17
-39
37
17
-43
9
9
23
-7
-21
49
-39
-13
-13
1
37
-17
-3
-17
31
-37
43
-29
-17
37
21
5
37
-87
39
11
-29
71
-33
29
17
-61
-67
17
-63
9
127
17
-53
45
83
37
-3
-21
-67
25
57
13
71
31
-59
51
-51
-45
-3
-15
-3
-51
-1
5
31
-7
29
23
23
-43
-19
47
13
7
11
-33
-53
-27
-27
39
-7
-77
-3
47
-7
-3
9
-5
35
-85
21
-23
-19
-39
25
-19
-25
-23
-43
15
-5
27
7
-47
-25
-9
-65
-59
7
-15
-5
13
19
37
-35
35
-91
15
-11
-21
13
-39
-19
-15
9
55
-33
-19
5
77
-51
-9
-11
47
-67
43
37
41
43
107
59
33
-33
-63
5
-33
-19
23
-31
-25
-17
-13
-39
13
15
-9
-29
31
-61
19
73
-41
67
13
13
13
-85
37
85
11
7
45
-29
55
-35
-1
-59
-33
53
9
-13
25
-21
-71
45
-7
-19
-23
-17
-57
-33
-31
-1
3
-13
9
-25
-11
9
-9
39
-95
7
29
7
-55
31
53
-31
-27
-1
-23
69
-49
-9
-17
45
-21
-25
51
17
-49
31
27
-11
-13
-13
27
29
3
-49
-9
-45
1
-35
19
-19
9
-19
35
9
-35
-81
11
55
49
13
67
49
5
-15
-31
49
-7
21
71
29
49
25
-27
37
-47
-3
33
15
51
-3
-19
27
-1
-17
-5
-73
11
57
57
41
-27
-31
-67
15
53
61
-41
7
-63
-11
-51
13
39
-27
-21
-53
-47
-75
59
-13
-5
-73
61
-45
3
47
-23
75
27
3
9
-79
39
47
23
-1
-65
23
35
-33
15
-33
95
-23
-49
-5
69
5
17
13
35
-7
-15
43
-31
1
-69
-9
7
15
-37
-9
19
-59
-7
-17
-37
33
-21
-11
21
43
31
27
-25
-47
-23
-33
-5
-33
7
3
-35
35
11
-57
43
3
47
19
-5
69
-13
35
33
-1
-65
-13
51
3
-57
-7
-1
-39
19
-9
31
-87
-1
-9
-153
-7
27
31
7
-7
51
17
-63
-47
-3
45
-19
-5
13
-33
5
77
7
-39
45
-7
-9
-41
111
-21
-21
-3
31
41
41
13
-21
-89
55
7
27
-29
-97
-53
63
33
-29
23
1
9
-55
-17
45
17
43
15
-7
61
13
61
43
49
65
75
-27
-1
-87
-51
25
45
-3
-11
-37
-69
3
-49
31
53
-45
37
-17
-41
27
33
-17
-35
25
77
-47
11
-51
21
-47
21
-29
11
17
47
33
-51
-33
83
-7
-9
77
57
-1
-13
-23
91
-19
27
-5
47
-23
17
21
-33
-7
93
-9
45
-99
-51
59
-27
13
41
85
-25
19
35
-45
35
-3
-13
-11
5
-19
-21
-3
-61
-33
-27
19
-27
-45
-11
87
1
9
-35
71
-19
-17
-11
-11
43
57
7
13
53
-53
-21
-51
-31
9
-55
-9
-17
-81
-67
53
-17
25
-49
63
5
39
13
75
75
-43
19
-29
5
49
-33
29
45
3
-67
-5
1
11
17
-3
-41
3
-15
-33
-97
45
-49
5
63
-35
-73
-59
-109
-3
-71
-7
51
5
-27
-19
67
-37
43
-31
-69
-35
-21
87
63
43
59
-23
-7
19
-7
-33
33
-55
-19
-37
5
27
49
-37
17
33
53
79
-43
3
13
-61
13
-59
17
-15
-35
25
25
-17
-5
-53
45
27
-71
9
25
9
-67
-27
-3
67
-9
47
-21
57
7
43
-17
57
-23
-7
43
-19
33
25
3
-3
-35
37
-11
11
-15
-51
-7
19
-31
-53
63
17
15
5
21
-103
-35
-27
-15
-9
93
1
-53
-7
-3
-1
25
-87
-1
-21
7
13
57
9
-3
-5
39
33
19
47
21
59
49
-5
85
-49
-5
-5
-13
-127
-97
-107
33
-11
-11
-21
7
25
-19
15
-29
-19
-33
21
-29
23
15
-51
71
-1
5
31
-59
-61
-11
5
25
49
-3
-21
-65
-15
-41
95
-7
-47
19
-3
-35
51
9
15
-55
39
65
89
79
7
-25
-93
-9
7
-51
29
-9
51
-35
-17
-53
-5
107
77
77
-25
-75
35
-21
-45
-35
1
49
-69
-37
29
45
-33
31
65
-19
-41
-3
-5
11
-51
67
7
101
-1
23
-101
9
-75
-9
49
27
31
37
-47
37
113
-95
35
1
7
-95
13
31
47
45
19
35
11
-13
75
-81
-7
69
-23
-19
23
-21
33
-9
-39
-37
-45
-61
-87
53
9
-45
43
-53
-31
-57
23
13
57
5
91
23
-51
-45
-25
7
23
-21
-37
-19
27
-35
-35
-23
-23
51
43
25
9
-53
-31
39
7
7
-19
77
11
-21
-27
15
-31
39
25
-65
33
27
31
1
7
-9
37
3
-3
13
-3
37
57
41
-31
-39
-27
-27
25
-35
-29
17
3
3
19
31
-17
-57
-13
25
13
-29
59
61
-25
-15
-9
-47
-61
41
-31
9
21
13
7
-11
65
47
-7
27
-7
-33
47
49
-3
5
-53
21
-13
67
-11
-25
43
-29
-37
-31
7
-5
-39
-21
-11
43
-13
-45
1
33
7
-43
-7
3
31
11
49
-43
-77
-21
-9
35
35
-31
-39
25
69
-55
3
33
21
5
-9
63
-45
13
-35
21
47
-33
-31
37
-45
-25
-11
-13
-65
-61
-65
17
41
23
-45
-3
13
-31
11
-5
7
-35
-65
15
-7
61
19
51
-1
1
-3
-21
-51
37
11
3
47
-7
-39
35
9
79
-37
19
-25
17
75
35
13
-7
59
45
29
23
13
-47
51
-49
-5
69
-11
-11
21
-27
23
-21
15
-27
101
65
-41
21
29
13
-17
19
51
-15
-73
-47
41
-3
49
-9
-25
-17
-15
19
57
11
21
-17
-59
17
-7
17
9
-51
-21
31
17
-73
-9
-3
-27
21
-65
67
21
37
7
-23
33
25
15
-13
-17
1
-27
-47
-5
47
-41
-25
55
-9
-63
17
31
-39
11
-5
-19
-55
-25
21
-3
-87
-35
-31
-35
71
7
17
-67
-9
-9
15
13
17
61
29
37
51
-7
-63
-17
-15
21
-9
65
-27
25
-47
-103
17
9
-3
-13
9
7
49
-39
-37
13
31
-27
23
-27
3
-87
41
55
25
-15
-7
29
-27
13
-13
-23
-39
17
9
-43
11
51
-23
93
-9
-1
29
9
21
41
-19
-29
7
-9
-19
37
-43
11
9
-15
49
-13
17
103
-41
-49
-29
11
-11
45
5
27
15
45
-25
51
-15
9
-91
-23
43
-17
-7
-53
45
-11
-43
29
59
-5
-67
-9
-23
-35
-35
-3
1
-39
-39
-45
-61
45
33
-37
17
-55
19
81
35
-3
19
-49
-19
-7
-7
-55
-11
11
7
27
-67
3
73
-25
-49
65
-13
45
-11
7
-47
17
5
-13
87
37
7
77
-15
-7
7
53
-29
45
47
-31
-9
-37
31
51
45
71
7
35
-31
-1
-33
7
-37
31
-13
-37
-49
-19
71
-65
23
1
-27
-43
31
1
29
-3
11
-69
43
-75
-17
45
17
13
9
3
-41
-25
-15
11
39
7
-59
5
27
37
-75
-17
-75
-21
-41
1
39
-35
-85
-11
-3
29
29
7
13
-39
39
-19
-45
-21
87
-9
15
-13
43
-17
9
33
23
-15
39
25
-47
25
-85
-55
27
-13
7
5
15
-11
-3
29
-3
1
-29
-51
-21
-75
-107
53
-73
11
25
7
27
23
75
41
-27
43
43
1
33
-21
-67
-3
43
-5
-27
1
-33
-17
-23
53
25
-45
59
-37
-37
9
5
-31
35
41
39
-39
-1
-19
-69
-7
-27
-11
17
77
5
-13
-9
27
43
-31
-27
49
1
9
-7
19
-9
1
57
-21
-15
-47
13
-11
5
-31
25
-67
13
15
25
-3
13
-11
3
-11
-15
-17
33
-7
1
63
-9
-7
11
-29
-15
33
7
21
-5
-13
-27
65
-1
7
-25
-47
7
17
-17
65
-39
81
-11
-23
-29
-19
95
3
11
17
51
-77
-39
39
-63
27
33
-11
-7
25
9
9
9
-39
59
-37
25
33
-31
-9
-17
-15
5
-11
5
3
19
37
19
67
-19
7
31
3
1
-33
-37
-39
-49
-41
17
-43
-1
1
17
-25
-87
-31
31
-25
-15
-9
-25
-47
1
13
-21
1
-21
-41
7
-13
39
-39
41
55
15
-49
41
-3
-49
9
-15
-1
21
-21
-9
-21
5
-59
23
-33
-13
13
21
19
-1
-33
7
57
-15
81
15
-5
39
83
-19
-63
-11
-65
47
61
3
-21
69
-19
35
11
-9
59
-57
23
-25
45
-9
-21
-9
13
27
43
27
-11
29
-17
-11
-47
-13
17
-61
19
25
-1
-27
29
-15
-69
-7
-61
19
43
37
-33
-75
17
-65
59
57
-3
27
3
-5
39
21
7
29
21
-75
15
13
13
3
-39
-17
65
27
25
-15
43
31
-13
-15
-31
57
-31
-37
1
3
5
5
3
55
51
1
-3
-5
-65
5
43
-53
-3
13
57
-15
-85
-5
-57
-37
-13
-1
-1
9
-55
-45
-7
93
27
57
13
-17
51
-19
25
13
35
11
67
-51
-1
99
-51
-11
1
-37
-11
-1
-81
19
-45
-5
33
55
-31
69
11
7
39
-69
-39
-95
-21
33
1
-27
-35
-17
45
17
-89
17
13
9
-41
-63
-1
37
-49
-5
-25
59
-33
-7
11
-11
39
-41
-7
27
5
75
-3
-15
13
85
25
5
43
87
-69
5
3
85
45
97
-73
-23
57
-73
-35
-3
-45
-49
-5
-29
17
53
29
21
7
39
43
-9
1
-9
3
-59
-1
-55
-21
59
-5
11
19
-27
-17
37
-107
43
59
21
-9
15
-7
-11
25
-11
-1
9
-29
1
-57
27
17
-31
29
-39
-15
-41
27
3
39
23
9
-5
7
-19
31
53
21
7
-59
7
25
-119
-11
-19
-3
-3
-17
3
-17
-7
13
35
-117
-79
-27
-27
-27
15
31
7
-13
-19
-33
-55
25
25
-29
-23
27
83
-11
73
-27
-25
45
9
69
-47
27
17
75
-57
-35
-3
65
111
-19
13
3
-29
25
45
51
21
15
13
19
-13
17
-11
-43
-41
-57
-119
-25
-29
35
-35
-1
-67
73
5
41
7
-41
-33
-59
-83
11
-29
41
-45
17
31
-17
-53
11
-37
-3
-29
-63
89
31
-27
29
47
-63
-37
3
-5
13
33
-35
87
-37
77
-69
-3
67
-57
-49
23
1
-25
-79
29
25
-17
45
-51
-41
39
27
29
65
27
-17
-23
25
37
35
-39
19
-13
47
55
-9
-87
15
7
-65
5
51
-13
11
11
23
17
-39
51
-3
-77
-53
55
-13
63
63
77
53
11
25
-63
3
57
-23
-15
-65
33
-95
-59
39
19
-57
35
-67
11
-7
35
-5
-31
-61
31
17
-5
3
61
-23
3
-5
-7
69
13
43
25
-19
-73
5
-11
-1
23
-17
-9
-33
59
-1
35
-69
-27
45
-25
-11
23
23
-3
-51
-13
-35
25
-39
-21
37
-33
-7
-9
-37
-55
23
11
-47
-33
9
-35
-19
31
29
-33
23
-15
-1
-1
-57
37
51
55
-41
-1
7
3
81
5
11
-47
-15
-21
43
49
-31
1
-41
-11
-13
67
19
21
23
-23
55
-59
77
-27
27
-1
-9
-31
-55
-43
-11
-19
15
-39
-11
-55
13
-61
-53
33
-35
51
-13
-39
27
5
19
-9
-15
-17
-25
-51
25
23
-33
-11
-11
29
-45
15
15
-111
33
-19
45
1
67
-33
37
17
-11
-59
39
-5
33
17
83
31
35
11
81
-11
59
55
15
-25
-29
1
-21
5
-25
31
7
-61
-51
-37
-21
37
-13
-3
-1
-41
13
13
55
3
15
-15
-31
39
43
-15
-53
21
-1
-41
-41
31
77
-7
1
33
57
-7
39
-35
-57
19
41
-17
19
7
-13
89
7
-1
-1
23
31
11
-27
3
25
-15
-11
-19
31
41
-7
15
-7
-65
-23
25
-29
19
-1
23
-43
9
21
11
-51
-19
29
-11
-1
17
49
13
31
15
35
-39
7
-31
35
19
-19
61
-1
39
-31
-13
-57
-3
-3
3
7
-33
3
-3
-19
-1
-1
1
21
19
-1
-17
-17
37
-15
-25
33
-65
-17
11
31
9
3
39
-53
-7
-41
-7
-11
7
-9
73
21
-13
-11
7
-15
19
11
29
59
-33
-47
19
9
21
-15
21
5
37
9
21
77
65
-47
13
29
-35
-23
17
9
-55
31
15
23
1
-3
33
-39
-63
-7
9
85
9
39
-57
-39
13
-13
5
-19
-11
55
-29
-25
-51
-1
9
-1
-35
-43
-3
-29
-49
3
-7
11
-17
41
-7
-25
-67
-23
17
11
-5
-19
-93
-23
37
-19
-21
35
1
-9
9
19
-19
-53
-53
21
11
-15
3
-47
-43
-13
15
-95
53
5
-59
-1
73
-9
11
21
23
-55
-9
-11
1
21
37
-25
11
-55
87
45
21
23
21
-33
-21
-9
-5
-27
35
7
1
3
45
9
25
-15
-1
17
-37
-1
51
-19
-7
-27
-29
61
11
-3
21
37
25
-21
-15
-19
3
-61
-65
-43
35
75
-5
-27
79
25
25
-23
-59
59
75
-11
-23
-59
-39
-11
-25
-11
5
7
-45
11
-39
83
-45
1
7
-15
5
5
-37
67
11
1
21
-59
71
19
15
-17
1
5
-19
-35
-105
55
53
5
-3
11
-5
-27
7
51
7
49
-45
-35
11
-41
-53
7
-23
55
-13
-25
55
-23
-29
-19
-13
-51
7
-11
5
7
-11
-47
65
-13
49
25
3
5
47
-55
11
3
5
41
-15
31
-11
-33
35
-19
11
-47
11
-9
23
15
25
43
-13
-19
1
27
27
-21
-11
-79
3
-37
21
9
-7
51
-33
-75
-55
-43
21
11
89
29
-9
19
5
-29
33
37
-27
-29
-21
-47
-15
7
7
-41
-3
67
11
-19
17
11
25
-5
31
17
31
-9
-15
49
-13
-59
41
11
41
-55
53
-1
-7
47
9
-41
-27
-33
53
-1
-9
5
-3
-11
-41
-31
19
-31
-43
-21
17
-47
25
-5
-27
-39
-17
-15
-31
-23
13
17
1
-71
17
-7
7
15
-19
-1
39
-1
45
25
25
-63
17
51
9
-41
-13
1
-15
-27
39
19
45
67
9
61
-11
21
-9
21
31
-3
-9
-23
-37
-5
57
-11
19
-17
13
-37
-17
57
-7
-19
-19
9
33
-47
27
17
-11
21
-41
45
-53
-5
-33
61
-19
-17
-13
3
5
31
29
-23
-59
5
13
7
-25
-29
13
-29
51
-19
-29
-13
-29
11
11
25
-21
-9
-3
21
45
9
31
31
11
9
1
-3
-5
19
21
-21
-1
1
-21
-61
21
-21
5
7
7
37
17
-41
-17
-31
-31
5
5
-35
-41
-7
33
-55
33
15
-55
1
29
1
21
19
37
-1
1
1
21
-7
-27
-19
3
33
3
17
-41
25
-3
-27
-35
41
-15
-57
41
31
-59
11
-25
-39
23
-11
11
-3
35
57
-27
11
-45
51
65
3
-75
37
-67
19
-23
-19
39
-1
5
21
61
71
-27
25
27
-61
1
53
27
37
19
-5
-3
11
-1
17
-23
7
-53
23
37
43
-55
-11
-25
19
-55
47
-13
-15
-23
-63
-27
-67
-5
29
-11
13
17
-69
-7
37
19
47
-5
-3
35
-7
5
51
35
45
-39
-55
-21
13
55
-29
13
-23
-65
-25
27
-5
-53
-29
17
9
51
-47
-1
-71
-45
-1
51
-11
7
-39
11
-33
11
43
-33
-35
-29
9
-59
61
57
-11
37
-11
69
29
35
-21
-11
67
9
-75
35
31
5
-27
21
51
51
-5
-3
-35
75
35
-35
-41
-5
-51
7
-25
-27
7
-19
1
-15
3
-33
-19
17
-9
1
35
17
23
29
-39
23
3
11
-9
-9
17
-27
-13
-47
-3
25
5
-3
65
7
-29
-23
-3
47
-41
-57
-27
-37
1
-1
27
-49
-27
23
-11
59
-25
25
17
17
13
-5
55
33
-37
13
-35
-41
47
43
39
-33
-1
-3
-73
15
-29
1
27
-23
-9
5
45
31
9
73
31
23
-13
-23
-5
69
45
17
81
-47
-25
-19
-79
-25
-53
-39
19
11
5
-67
-35
23
19
-43
-27
43
-99
7
-41
9
-59
5
25
-29
-11
-15
-69
33
39
17
43
-9
27
-73
-19
-27
-27
-33
67
-9
-37
17
1
-27
9
-23
37
-55
23
5
11
-35
17
-79
51
9
1
31
37
-17
-31
1
-7
-53
65
13
5
23
25
-15
39
21
19
29
-31
-27
27
-5
57
21
15
-1
-7
-1
17
-5
1
-1
29
9
-3
7
25
45
3
27
-9
-29
-27
33
5
-25
-1
-51
77
-17
13
-7
-17
-31
39
33
47
-35
23
87
7
-41
25
-33
-61
19
-79
-85
-49
-17
7
-51
-9
23
-33
57
31
-15
-9
47
75
83
1
35
37
17
-33
31
1
1
41
-3
-1
29
13
-45
-13
27
-27
-61
27
27
3
1
-47
9
-13
9
53
-55
59
35
-53
5
3
31
-51
-47
11
-37
63
-31
-27
11
53
-23
1
-31
-25
-3
-1
11
83
-31
-35
-1
-33
-25
-57
19
33
37
9
35
-53
-27
-37
-41
13
-63
-19
-39
17
-15
3
-1
31
7
23
9
-13
-15
27
29
27
-31
39
-23
-3
-35
-11
1
49
-51
27
47
21
15
3
41
21
-17
25
23
-55
25
-11
11
-81
-29
-13
-11
-49
37
-29
43
9
15
-33
-31
-13
-1
1
-13
-67
21
-51
15
25
-15
-27
-25
31
-39
21
-29
-9
-11
19
-3
-5
-19
9
-5
19
25
41
55
-29
5
-29
21
75
15
-55
53
21
57
77
45
-5
-5
-45
63
51
-85
-25
1
5
1
43
-27
-25
21
39
31
-35
-49
-11
-41
-9
-45
5
23
65
-53
37
-21
-31
9
15
51
35
33
19
17
-17
-5
19
-63
-65
-51
-3
57
-11
71
-17
-25
55
-5
-43
69
33
-43
-29
-23
-15
7
23
-55
9
-3
17
-45
-5
-45
-55
-41
45
3
43
85
-21
21
-11
35
33
23
21
-47
-9
7
27
-101
47
23
-39
-23
-23
-17
-25
-55
15
-7
-15
61
7
13
-29
-27
43
-35
43
-57
23
-1
19
1
-27
-31
41
7
41
35
45
-11
-9
-23
-31
39
-3
-17
-33
13
-29
-47
17
-3
11
69
-55
31
11
25
-73
-57
-51
57
-51
25
5
25
-27
85
75
-39
19
9
-37
-23
5
-27
-39
-55
1
35
61
-47
59
-57
-21
-13
61
-9
3
-1
-15
3
23
5
5
-83
5
19
33
57
61
5
-11
55
-17
31
-17
15
-21
1
21
9
15
-51
-27
43
35
61
11
53
-9
-37
-57
-41
-91
49
55
-79
-15
39
37
-67
9
-17
9
-1
-9
-9
-31
61
-1
49
67
-59
1
-23
5
-7
-49
31
-41
-1
67
25
3
-71
-11
47
-27
45
-71
-19
-53
13
-15
1
-77
57
-15
57
23
25
33
-3
55
5
-45
55
-3
17
3
-39
-29
-53
-31
113
-17
-19
-3
11
5
31
-27
-15
-1
-27
-45
-33
-45
19
-85
23
35
87
-49
-69
-11
11
79
-27
-29
-27
-23
-5
77
47
69
15
-33
-13
59
31
61
69
31
7
11
-11
-3
-23
15
-43
-39
-39
-27
-37
-51
-35
3
-33
-27
37
-67
-1
-81
13
9
41
3
-47
25
15
47
-15
49
25
-33
-49
13
-65
-57
59
63
-15
-55
7
47
-25
29
7
31
-11
-31
-7
-33
-15
21
19
-27
71
21
-3
29
-3
-93
65
29
7
-29
-9
33
-17
45
37
-47
7
11
-3
-47
-9
21
59
-31
-41
-3
-19
5
19
39
-51
5
-27
-49
-51
39
-35
109
1
23
-1
3
43
51
3
27
-9
-17
13
15
-21
-31
9
-31
-3
-15
25
41
11
103
35
-9
25
-11
39
-35
-17
79
-37
-9
-13
-23
-23
3
-1
31
-3
-47
-69
-55
35
-9
-33
-41
-13
-17
-5
21
9
-37
39
-47
105
35
25
23
-21
-15
-39
53
-77
-75
17
-37
35
-7
43
-35
23
9
-21
9
39
-5
29
-59
-65
29
71
-19
5
53
-5
-17
-49
33
53
5
-53
-13
-23
-31
33
-3
-13
13
27
45
-17
-17
23
-41
-29
11
-15
-37
-9
47
-13
43
17
-23
-21
51
-17
17
17
15
19
-17
7
-3
-31
-31
55
11
-13
-35
5
7
15
7
-3
-17
81
25
-23
23
-25
41
-27
-61
39
-43
-1
3
1
-49
-9
27
-5
-13
-7
-29
-17
-27
-31
17
-23
11
-11
-43
-55
-3
-11
23
-9
35
-1
23
-1
71
-17
1
33
31
11
-7
39
-7
57
19
-17
23
3
-1
37
9
9
21
3
-41
-11
-83
15
-5
-57
-27
1
-33
25
5
19
-33
21
-53
-35
45
17
15
33
-33
-35
45
-23
11
19
-9
-21
7
5
29
-33
31
47
-29
-37
-7
-31
-59
-25
1
15
9
-9
-13
-9
-43
49
-9
-7
65
-17
11
-39
-5
35
-21
-21
-1
3
9
-3
-13
-75
35
5
13
21
25
73
25
-31
15
-27
9
-43
-69
-7
-25
29
31
-3
19
3
19
-53
-7
-19
53
3
-13
-1
73
3
7
63
-3
-11
-11
-29
-31
31
33
-13
-15
-67
-33
-7
-17
7
-31
51
-23
-11
-3
55
-37
-15
-21
3
43
23
-19
-27
3
69
-27
-59
59
-5
65
-13
33
-31
13
27
-41
9
15
1
27
25
-77
-11
-31
39
-3
55
47
-43
-5
-19
49
-5
-67
-43
3
-31
27
-53
-33
25
-21
39
37
41
99
-5
-17
59
-89
-45
15
-15
-41
-21
-9
-37
9
47
-5
41
-45
-57
-61
-91
27
-25
-57
53
3
43
-103
39
-31
-23
103
31
-49
37
63
-17
33
-47
45
91
79
-117
-5
-27
-49
-29
-43
-29
17
-69
23
21
-13
27
45
3
-23
29
37
9
1
47
83
53
-5
-15
-33
65
-5
9
1
-11
-23
53
13
63
107
11
-33
1
55
-9
37
-27
-67
-77
49
-29
-17
-51
15
17
15
77
-19
39
-15
-23
67
-5
63
-13
39
-15
65
11
-39
15
51
-41
-31
-49
-31
89
29
43
-123
-19
9
79
-51
-29
-71
59
-19
29
-49
-39
3
7
11
-101
27
-113
1
-21
-11
-5
-35
-37
25
93
5
99
15
41
27
-25
37
-19
-35
-97
39
43
-55
19
-51
107
-21
-15
45
3
11
77
-43
-43
-5
-77
-47
5
-23
-29
31
93
-15
35
31
29
-29
-41
-15
87
81
73
-55
5
125
17
-3
33
-25
105
55
7
35
-81
5
33
-19
-17
-21
-59
55
-41
3
65
57
-61
-47
21
-35
-5
61
-85
-129
-57
-41
61
11
-9
-37
79
5
-17
21
33
-7
11
-55
-77
33
-57
105
-41
15
-33
-1
-89
9
-21
-37
-5
65
39
-21
-3
-53
55
-71
3
-95
3
61
-31
-27
-5
-77
-7
-23
5
-83
9
89
-41
19
45
9
11
81
-59
-65
11
33
-7
-39
-27
47
55
-1
1
-33
45
-89
-11
15
55
43
-23
15
17
5
9
-33
55
21
19
5
13
65
-3
103
-25
-73
19
-61
-29
41
3
-25
17
45
-23
-33
59
-5
-5
9
-9
9
61
17
73
1
1
-15
-117
1
-39
9
-21
-37
1
63
-7
21
-53
-45
-43
-7
-7
81
83
-19
11
-3
37
67
39
-21
-19
-3
-65
-43
-73
-1
3
-21
-21
5
23
7
-1
-11
1
-15
-17
-37
-35
-15
55
5
19
37
49
-25
75
-47
45
-67
25
-59
-35
19
-41
-3
15
-7
7
-1
5
33
-3
11
-39
-13
39
39
-19
-21
15
19
-43
11
13
-43
-11
-5
17
-31
-3
-11
21
-35
1
-53
13
-37
37
17
-33
-19
-3
-25
37
-19
15
45
-19
33
19
33
-49
11
-81
-9
-29
1
-13
27
-47
21
-15
-7
-25
1
15
-41
33
-7
25
79
11
-15
-29
-21
27
21
21
-39
11
57
-7
33
-9
-9
5
-39
5
23
1
9
15
-9
-69
15
75
19
-39
1
-65
-19
25
19
23
21
-47
-37
1
-47
-9
23
31
-17
-23
45
-25
-17
-21
-33
33
-1
1
33
-43
-39
-35
13
-5
-19
17
-37
7
-45
-11
15
-15
-17
13
27
39
15
67
11
11
-15
61
23
13
53
3
-9
-31
-33
29
-9
-15
-3
27
31
1
33
-65
47
-11
23
-65
13
51
33
-9
81
57
-3
-13
27
43
-3
43
-7
1
29
-17
25
9
-51
11
-29
-13
-49
-53
-21
-25
7
-15
-13
-5
-23
21
-5
11
1
73
-17
-83
57
11
-5
-63
-91
-7
-53
27
13
-43
-69
79
13
-9
57
-5
39
-55
-61
-19
47
-35
7
-9
-35
47
49
-9
-13
-29
-43
39
5
39
7
57
-13
25
3
-3
-43
-19
59
17
-25
37
1
105
-23
79
-17
1
25
-3
33
13
-69
67
19
39
23
-59
-43
-43
9
-15
-9
23
-21
9
-19
9
-41
33
33
3
21
57
11
-25
-53
45
-7
59
47
-89
-29
-9
-67
-51
-11
-5
13
13
-21
15
33
-31
-45
-9
23
-15
31
-1
-7
-41
-15
-39
3
-41
-45
-31
3
-27
-35
21
-31
-13
-41
25
27
29
-5
-27
-37
-39
19
9
-1
-33
-43
9
-5
31
-9
19
-25
-17
41
-25
33
-41
-21
-39
-11
21
-19
53
37
53
-7
-19
29
29
3
7
-45
21
25
-29
13
-27
-67
101
23
-13
-55
47
-59
-19
43
47
-5
15
-35
91
-5
5
39
25
35
-39
-25
-9
43
25
-5
41
27
37
17
21
-23
23
-31
-27
-67
53
-1
-13
-21
-33
31
43
3
7
45
15
69
-7
-39
13
-49
-23
-5
35
21
-5
-25
-19
7
5
7
-15
-45
-51
-75
17
-45
-39
-5
-5
-43
-15
13
49
-1
9
-29
-117
43
-57
-75
15
-47
51
-5
35
-35
13
25
-49
-11
33
11
41
-23
41
39
47
-7
1
-17
47
-13
-11
47
63
-1
9
29
-51
1
47
47
11
-7
-11
11
21
-33
-5
-39
29
-71
77
-39
-37
-29
-37
53
53
-35
19
-11
81
-5
17
-57
-11
23
-27
-17
-35
-5
-85
9
-69
31
15
-25
-33
-13
-7
21
-57
-49
29
25
9
25
-7
7
47
17
-27
11
-13
-31
-35
19
-71
-107
-23
-1
89
49
63
29
-53
-1
25
-15
23
67
33
-81
-23
73
-7
-17
53
-11
69
-13
29
35
27
25
13
-9
45
-19
49
43
-11
47
-31
-55
-9
-3
-47
5
71
-9
-69
127
1
-13
41
-21
73
-39
17
-13
-21
-11
17
21
-39
37
45
-41
35
47
19
47
-15
9
1
-51
-41
19
-23
21
-11
-3
-43
-21
33
-45
67
45
5
-21
45
19
41
-65
-37
-69
73
87
19
-19
-3
55
17
71
-39
25
-11
-71
-11
11
49
19
9
83
5
-49
-35
-13
-109
-33
25
-71
-95
17
55
55
31
-43
-29
-15
75
-89
45
-71
-5
-5
-15
-89
-57
-35
15
69
7
-23
-53
-3
-27
7
21
-19
7
-47
-103
29
-25
-87
-57
69
5
21
13
-61
67
-25
47
25
45
47
27
15
19
-17
25
41
-9
45
-51
47
5
-17
-43
27
87
-41
-65
-127
5
39
-33
29
41
-43
-45
-13
17
-11
57
61
-7
-5
-19
-43
-21
-3
9
-33
113
-43
15
-17
43
37
-41
17
41
33
-11
11
39
-3
21
-33
-39
-37
35
-29
-77
-21
-83
89
-7
-79
51
-59
47
11
5
-47
-11
-21
75
5
51
-35
57
-41
-49
43
9
-73
109
-41
39
-9
-37
61
-27
3
-7
27
-3
31
7
41
11
-55
-41
15
7
-27
-67
99
-57
31
-13
33
-19
-63
-61
-77
-17
15
-21
59
57
-15
5
-1
-39
-43
57
23
-51
-35
-55
47
7
21
33
119
-41
71
-21
29
29
-13
5
-27
69
-23
47
33
5
-21
9
57
-45
27
77
-3
-21
41
69
27
3
-51
49
-1
33
15
1
23
-19
-37
-45
-33
71
47
-23
27
9
-17
1
-87
-73
19
19
7
-15
-47
25
7
25
31
33
17
43
-21
-63
5
-35
3
45
9
15
35
-25
41
-35
-27
-9
-5
-33
-11
-39
13
43
-1
-5
61
-83
-19
47
99
27
-11
31
-33
-5
-17
-11
3
-35
-33
-25
-27
29
23
25
-61
-23
5
43
-15
37
1
-5
-27
-51
-3
-53
-9
-1
5
-43
45
-61
-103
13
31
17
-17
25
17
31
57
-37
21
11
-3
7
89
61
-47
27
-29
33
-33
23
-33
-33
-19
25
55
-13
1
21
-43
15
-59
55
69
35
-13
-27
-21
-15
23
-61
-21
-3
51
-41
43
73
1
-11
19
1
21
59
31
29
-23
-93
55
-59
15
-29
69
5
-71
-41
43
35
31
13
-35
-43
-53
49
23
19
15
41
-9
63
9
-15
15
31
-5
-17
-59
-37
35
79
-35
-3
-83
49
-45
-13
-9
-49
-11
89
-31
9
-49
-49
3
-23
-17
-33
39
-21
5
49
35
1
1
59
23
-35
-5
51
45
-51
-19
57
-15
-21
27
-109
15
33
-45
51
-5
-35
19
3
-1
1
-13
39
-89
9
21
83
35
15
-59
7
-5
-61
15
37
-1
-15
-41
-35
-45
-51
17
49
21
39
-73
39
29
-67
-1
47
31
63
9
55
43
53
-23
17
-43
43
63
-101
-29
-37
-21
15
-45
51
-63
35
-43
23
25
99
-47
23
-57
-41
15
-31
-1
-7
3
35
-5
47
29
17
-47
-15
-9
-105
29
27
-19
-33
5
-7
-23
-17
17
-47
5
17
-23
19
11
-9
-21
51
3
-43
41
-31
-41
27
71
-87
-33
-15
13
39
-13
27
25
21
11
-45
15
41
115
-21
25
93
-75
41
51
27
7
31
-79
-33
-61
91
-51
-63
25
49
49
-7
-5
-33
-83
1
-5
-51
-17
-51
53
-15
31
-3
-7
37
-121
-23
17
-21
23
-9
13
-33
-5
-67
33
25
29
-1
-41
67
17
41
11
-105
-21
67
-31
53
-1
-17
75
67
37
-25
61
-105
-17
-67
-53
-69
-41
-23
21
-17
-37
-21
31
-27
115
1
61
17
3
67
-1
35
13
25
25
1
-59
-65
-19
91
55
-9
-59
97
-59
-67
-21
-19
65
-7
45
29
-35
31
-117
23
-19
-37
-21
19
19
-37
27
-17
-13
17
-11
-55
-3
19
-13
-75
-5
-33
-73
15
39
55
45
95
39
-5
59
-7
39
9
29
-35
-57
-57
-89
-5
-21
-15
15
-1
-51
-29
45
33
41
-43
-25
31
-31
81
19
21
31
-7
53
-9
-13
-13
3
-23
35
-63
3
7
-21
-39
-71
-23
21
37
-49
-5
-69
47
9
-29
39
-5
-19
13
27
-53
-1
43
-5
-85
-25
-31
67
-55
29
77
-21
13
83
11
-3
-43
-33
67
-7
-45
65
39
37
43
-17
-93
-63
-37
-81
39
1
43
11
-17
67
15
-25
-33
77
11
-59
11
-35
43
-3
-25
15
5
-21
-5
-33
-41
103
-1
-61
-25
21
3
51
-19
-11
23
1
31
-69
9
55
73
-11
47
3
-57
49
-53
-37
-37
-5
-77
-57
65
25
-41
-69
51
21
11
41
15
-31
-65
29
35
-17
45
29
-19
-35
-31
9
-1
31
-117
11
-5
-13
-3
-27
31
47
27
-3
-7
39
-49
49
-39
-7
21
-115
89
11
-11
-27
-21
-31
-85
29
-61
39
113
15
-31
-71
-43
-9
63
-49
-29
-23
-61
-55
-43
-105
29
53
-7
55
-29
53
35
-13
33
35
-33
35
-57
-39
59
105
-17
-13
-49
57
33
-47
-43
15
-9
-39
-5
115
-19
11
-99
-1
-33
33
39
55
-21
39
-33
-23
-31
-19
61
25
-7
21
29
15
-5
45
41
35
15
17
23
31
-1
95
-23
59
-49
7
41
-41
-39
29
23
33
-11
-39
-11
21
-29
-21
-7
-97
-49
45
-15
43
81
11
9
-15
-57
19
103
-43
-39
5
-27
55
29
-13
51
49
15
-49
11
-25
-65
29
-59
-27
35
-45
15
-15
53
27
59
17
21
-9
-47
27
-29
-39
-7
39
-69
-23
23
19
-3
25
-31
23
11
-31
-83
-33
-61
-59
-9
45
19
-5
33
19
-21
-7
15
25
35
17
-21
75
11
-69
21
-7
-5
-17
-41
71
17
9
63
33
-9
-9
-37
-21
45
-25
-29
-49
-45
-73
-9
-43
23
-9
17
-39
-77
19
45
-11
43
-13
-47
57
-25
-45
7
-13
21
-49
55
-45
15
31
11
-29
-11
63
21
-27
-55
33
-39
-17
-49
9
29
-63
-43
-39
85
-7
-17
21
15
11
-13
-17
-109
-15
-43
13
15
1
-35
7
-47
65
-23
-45
-13
67
21
31
37
-25
-97
7
-29
53
45
27
43
-13
63
-3
-33
-107
-63
91
37
11
-71
17
73
27
73
7
31
-21
13
1
-11
5
-35
27
37
-27
117
45
15
-69
-25
109
3
21
-17
-13
-25
49
-19
55
39
-69
-85
17
37
3
23
-5
-25
-5
-41
-11
7
-13
19
-53
-65
-9
5
-77
-39
35
57
1
11
5
-3
41
-9
41
-65
43
3
-3
47
-31
-13
67
-31
11
-39
65
-17
-17
17
47
9
3
-39
69
17
-27
-47
3
-69
-31
79
-41
-7
-43
27
83
-11
21
31
15
47
-31
-43
25
-15
7
39
77
-27
61
-87
-45
-15
-21
-79
31
-17
-73
-31
-31
69
1
1
-19
31
77
47
13
61
9
57
-35
-19
-43
37
27
1
29
37
3
1
-1
11
25
-21
19
21
-25
-35
-11
-69
7
-13
79
29
-43
-23
-9
21
-3
17
-45
-57
-15
51
-29
-21
61
3
13
-25
-17
-73
-13
3
21
-43
-5
-35
7
-9
29
37
7
-17
-59
15
1
-29
-11
27
73
17
-29
11
-31
15
91
-7
17
-1
13
-25
23
-33
13
25
-9
-27
17
-31
3
-27
-19
11
-53
17
5
27
43
-71
-7
59
25
-15
43
-49
23
-21
-1
-17
-5
-73
-39
-55
19
5
83
-17
-7
1
-17
-3
51
-13
-25
-59
-11
39
-25
-11
-73
11
5
-1
-35
3
15
1
39
-37
1
-3
-9
-11
-11
-29
9
7
-81
23
23
-19
71
-43
-5
7
9
-9
-39
5
-39
19
27
-53
-15
-19
-7
7
-3
27
7
21
-9
47
21
49
-89
-43
29
-37
-29
57
15
-11
31
3
9
53
77
-7
-35
-71
-15
59
21
67
83
53
9
17
-27
5
-9
7
27
39
-1
35
-27
7
-39
-49
23
31
15
-31
-21
21
1
-57
1
3
-11
-65
31
53
45
49
-37
5
17
-67
45
57
7
27
-57
-1
77
31
-17
-17
-29
9
21
-11
37
-15
-11
33
-23
-31
-63
29
11
-29
-63
37
-33
61
-53
7
55
-25
-27
-35
-1
-105
9
1
-65
45
13
-9
-53
21
15
79
-45
13
49
25
-51
3
-17
-33
-57
45
-43
7
1
-31
81
-89
31
19
-43
-79
-13
-15
39
-59
-75
-11
-27
19
61
51
-103
5
17
-11
35
77
11
-9
5
-39
31
-1
59
-9
-15
-33
-57
-21
-23
19
17
-9
-39
5
-5
-57
59
11
25
23
35
-51
47
-35
7
-1
-19
5
13
-31
-27
17
-17
43
21
5
-31
-1
-33
49
-55
-17
27
-9
-11
-67
1
21
29
67
-23
-5
-49
-29
15
-29
27
-5
-15
-7
19
-9
33
13
17
61
23
23
21
-9
-27
67
-9
-45
45
-11
5
19
-29
87
-11
-3
49
-51
11
-17
37
-45
13
33
33
-83
-43
53
37
-65
71
-41
-19
-31
23
31
-21
19
51
7
65
-41
-11
-41
3
65
31
-31
7
51
-43
23
-17
-21
43
67
43
-21
-5
-33
-39
-1
69
-35
-23
27
31
-23
-51
-57
-7
-13
-31
-17
21
23
-23
-41
41
67
31
41
27
-29
-19
21
-59
49
5
37
103
9
21
5
-21
27
23
13
-55
63
-35
-25
-7
7
-37
-33
-15
-13
-7
-33
-31
1
-53
-25
9
-37
-3
-7
-5
27
13
23
13
-37
31
-5
11
-17
9
-5
-13
39
-59
1
7
-47
-89
41
-65
-63
-7
27
21
-17
65
-43
49
7
-9
77
-7
-39
-75
-61
-23
31
37
-35
-67
-31
-9
-1
-37
31
-11
45
19
27
-71
-39
29
59
23
-45
13
95
29
31
21
-11
9
-5
25
-19
-3
-45
49
-19
9
-33
-3
27
73
11
55
23
19
39
-21
-5
-63
11
-57
-31
-19
9
41
-43
49
31
13
-9
21
-141
-25
49
-63
5
-41
15
7
57
53
-13
-9
13
-99
49
57
3
-31
-31
-29
-11
-7
93
1
-33
-33
-9
63
57
17
-21
13
55
-1
-41
-97
-39
33
-21
5
23
-45
-3
39
21
-7
-19
-29
3
-55
79
-19
-43
27
21
17
-41
5
-39
-9
-27
-19
-13
-87
-19
45
33
97
27
-11
33
-33
11
21
-49
-5
19
53
-29
-47
21
-59
-39
19
7
-19
51
19
-15
13
77
23
35
5
-33
-49
51
85
-13
-23
31
11
33
85
5
71
7
-29
27
5
-7
19
-77
51
-25
-3
-75
7
-69
-65
-17
-55
67
-3
3
33
65
5
-7
-63
-25
9
53
39
-17
-31
-9
5
-35
23
-49
55
-35
35
33
13
-25
65
41
59
-71
-43
19
-19
-7
33
-23
3
-37
-39
103
45
-19
5
-41
-51
27
-67
13
29
-59
-39
-59
-3
-49
45
-31
-13
55
55
41
-79
51
-11
21
25
-47
9
17
-39
-43
45
39
-41
29
29
19
35
25
-59
5
-27
-15
-3
7
73
-23
37
-33
43
3
47
41
-29
35
29
-71
39
-21
-41
-15
-17
-75
-27
-77
27
13
-51
-29
-27
-3
45
-27
51
1
89
-33
-21
1
-45
83
-35
31
-21
-3
-61
37
-75
19
9
-55
11
15
-33
-11
-11
5
-17
-5
-79
41
75
41
-35
-55
11
49
29
25
17
33
33
-7
-29
13
-25
-69
-23
-23
23
19
37
41
3
-27
23
1
79
5
65
45
-17
-19
-35
45
21
-61
83
43
3
17
-41
-27
33
23
-9
-31
61
-25
25
9
25
23
17
-25
7
5
-65
3
-13
29
-27
1
-1
-7
45
29
-15
45
-21
-33
-3
-3
17
27
-17
-61
-57
5
-11
-7
79
-21
-17
-33
3
-83
-13
-41
5
37
55
-33
43
57
55
-73
11
-59
-11
-25
-23
-25
39
11
-3
19
7
23
71
-25
-25
-21
-55
-29
-71
-9
39
-15
-75
7
31
-11
-65
49
-1
11
13
-45
-25
-3
-17
25
-39
17
-43
-37
-73
25
51
-47
-9
-9
29
-21
21
39
47
-33
-39
-41
61
3
45
43
-1
57
-5
13
9
-53
17
9
-11
17
-5
51
-1
-5
71
-9
31
19
-33
-7
19
-11
-43
-1
-11
43
23
3
-27
-47
47
-27
3
-25
3
1
87
53
11
19
-29
49
-35
-47
49
25
55
-9
59
47
-27
-27
-51
-11
-21
61
11
9
7
-39
-33
9
27
53
1
31
-19
-45
-11
-75
19
-1
27
5
21
-69
35
-43
-1
-25
-27
-11
-61
-11
37
-19
-19
13
-61
-23
45
15
-47
97
29
51
-39
-43
-35
75
33
-31
-19
-21
-29
-79
59
29
11
15
-31
29
33
7
57
-31
-49
-1
-61
55
3
-5
73
-9
1
-21
3
-3
-27
-65
27
-77
-23
-3
23
45
47
13
71
21
27
-27
15
9
-13
3
9
-67
-7
65
-21
41
43
-17
33
1
77
-67
59
21
61
33
67
-1
15
9
-39
1
-1
-31
33
37
13
-27
-43
49
-11
-51
-27
-31
9
3
11
-75
25
5
19
-3
1
-11
9
37
-85
35
47
-75
17
-31
51
-19
-49
49
-75
-11
33
-13
31
-29
-19
-29
-13
-51
-29
-29
-1
5
-41
-3
-1
11
-37
-1
-3
-3
33
-51
-15
-17
9
13
-63
-95
-29
-21
5
59
-55
69
-17
-63
-57
-33
9
-51
13
-29
55
25
71
55
-59
-3
15
5
-59
-77
53
9
49
-33
-17
-19
13
11
25
99
-73
-1
-43
-21
39
39
57
-35
-11
-15
43
-1
-11
45
7
-51
43
31
51
5
55
-15
-9
13
45
-29
-35
-45
41
9
-15
-13
25
7
13
23
25
33
33
-1
1
3
-33
-37
-49
-25
-73
33
45
-51
23
-27
57
-13
31
-69
-33
43
45
43
-19
-29
-11
-25
87
-31
37
37
-43
-17
59
-13
43
-19
-13
-43
-31
9
29
11
-5
45
-53
15
37
-79
-9
-41
27
-13
29
-63
17
57
57
-17
11
61
1
47
-47
33
-9
-9
19
-35
-29
-69
7
17
3
-9
-71
25
-71
-7
63
39
-29
29
21
-49
21
21
29
-49
-1
-37
-23
-89
-31
-23
9
-35
-47
-47
5
-19
-29
45
-29
-11
-57
11
27
15
-1
77
-1
-9
33
27
21
-3
-37
7
57
-37
-27
-49
-37
45
-23
51
105
25
1
-5
-5
23
-37
-9
53
-1
9
3
-31
51
-61
-31
-65
55
-15
19
-117
23
-53
51
49
-31
-57
41
3
53
1
7
-71
31
-29
-5
83
-19
-11
-59
-3
-39
9
55
11
37
5
57
-41
-11
-43
95
23
9
-61
35
-39
41
5
15
-43
-19
29
41
-63
47
-21
5
41
-13
-3
-33
35
-27
-5
-87
3
-1
15
25
105
13
27
-31
-19
5
-49
25
-1
-83
81
-37
31
-9
51
-1
35
1
25
7
-3
1
19
-7
-29
63
-3
-53
1
-21
-57
17
25
9
29
29
-7
13
11
1
43
-5
7
-1
-3
-71
-1
27
37
15
61
-19
15
-11
13
-75
-41
-69
3
23
3
-35
-29
-111
-99
13
-29
-35
69
-19
91
-5
-41
61
55
-53
-9
123
-11
17
-21
33
-35
39
29
-19
-3
-35
-5
-51
-33
-17
31
21
9
37
1
13
19
-13
-67
3
37
29
-33
9
41
-37
-9
3
47
-19
-21
-37
29
17
-13
-49
5
-61
-15
-37
-35
25
13
7
3
-21
-23
13
1
-1
39
13
-5
15
31
-11
-17
23
35
-3
-37
-15
-27
21
-9
27
29
-81
21
-9
-11
15
9
79
71
-9
25
-5
-57
21
-1
-39
41
-9
23
19
41
41
-11
-27
9
5
-11
41
-11
-27
-1
-13
-9
29
-53
3
-17
1
-15
-31
-53
-1
17
5
-17
43
-5
3
29
-25
-25
-9
19
13
7
-37
33
-45
59
-47
11
-11
-19
11
17
-45
-21
-3
1
-21
-25
-41
55
-5
11
-13
-31
-1
-5
-25
-17
29
11
25
39
-9
3
-1
5
45
27
19
25
-15
69
17
69
-11
45
61
-49
17
9
-21
-21
5
-5
81
25
23
1
-47
27
-27
5
-33
57
45
-7
9
11
-7
43
-23
39
23
27
-77
-39
127
-45
-79
-17
-17
-1
29
9
-25
-75
-1
-35
7
5
27
-31
-51
-73
61
-47
5
19
7
111
45
23
59
-11
-41
3
89
73
-69
19
-63
-75
-51
21
23
-23
45
-1
-45
55
-29
-59
11
15
39
33
65
-11
1
19
37
-15
-23
47
-119
57
-37
57
-73
-63
9
-9
67
59
-5
9
35
87
17
-59
5
-9
59
15
-47
-3
1
1
-85
35
7
-79
-37
23
29
31
-25
25
37
-45
41
-31
45
3
57
-91
27
-19
-35
5
1
-69
-55
-9
93
51
37
-9
-31
-13
13
-33
15
9
3
13
31
55
-9
-27
-39
-7
33
7
-67
-35
-5
-55
-41
-23
-79
13
-45
-51
37
39
67
39
-59
-45
67
71
-39
39
13
25
-5
9
3
61
-9
-9
35
-19
-23
-5
-43
-47
-23
15
79
83
51
41
-55
-5
-49
-11
29
-55
27
-13
-85
-21
19
-33
-43
1
-99
-27
-5
61
47
-75
19
-41
-11
-51
-31
59
25
-79
3
21
25
-7
53
-31
45
-1
67
19
-9
31
-7
-41
51
39
-59
-3
-29
3
-5
45
9
-27
-37
-69
3
25
49
-89
49
17
-51
19
-5
81
-27
-69
-9
43
-41
-43
-11
-65
-47
37
-91
49
-3
75
5
-11
-9
97
-61
-71
15
41
69
-39
-107
-63
-27
-41
-21
25
51
31
43
-19
51
21
15
19
15
87
19
-49
67
-29
-39
-1
-15
-9
21
-55
-75
3
-7
9
-55
-63
25
-27
-39
-17
97
-15
67
13
47
-25
-97
51
-23
75
51
-21
31
-21
-117
-67
-29
37
-9
39
-19
27
21
53
41
-13
-31
-3
-3
-3
-11
-61
23
-39
3
19
-19
-25
-121
-1
27
-5
5
-27
-5
3
9
-63
-35
61
33
63
-7
69
25
-19
-47
77
-37
-55
13
45
83
35
5
-117
-23
39
53
-27
13
51
-21
1
45
27
41
19
61
43
-9
25
-3
11
49
-47
1
-37
61
-15
-3
7
23
-69
7
-41
-33
89
-27
45
-83
31
-33
-3
13
15
43
-49
15
-35
33
-37
13
43
7
-49
79
9
-25
17
49
-75
-9
-25
23
3
13
-33
-39
-63
-7
-9
-9
43
57
-13
-29
9
69
11
23
-17
15
-11
-23
-21
51
49
-13
31
55
87
-69
-57
31
-29
33
53
13
67
7
-31
-13
-41
29
39
-19
-3
-9
-15
7
9
7
55
-11
3
21
63
45
-17
3
27
-45
35
-71
41
43
69
-29
25
29
67
-43
-1
-17
-19
21
-1
-31
35
51
-47
-27
3
-63
19
23
-23
-35
-45
7
-53
-71
-27
-81
-33
29
-49
7
51
43
37
19
-13
-7
3
3
17
-21
-53
23
3
7
-5
51
-35
-1
-23
-43
51
1
7
-37
-53
-17
-1
-29
-19
-33
17
45
-9
5
-43
-15
1
41
49
23
53
11
-15
-5
13
-21
-37
-3
21
15
53
21
-13
23
-31
5
-65
3
-47
-21
-45
-1
7
17
57
-5
67
53
-81
-43
45
21
-7
5
25
-75
-3
-15
-27
11
7
-67
-19
-1
17
17
-37
9
-37
17
83
-73
39
31
27
55
-59
-11
-15
3
-21
61
-57
-19
-33
15
-35
-15
5
-91
-37
45
53
-37
21
35
-7
19
1
27
-39
-59
-23
31
7
-9
-17
-5
-7
-47
-13
15
-37
5
43
-23
-45
31
21
-19
-29
-13
11
19
29
-15
-11
33
69
7
-23
13
19
43
13
43
11
9
-13
-29
17
-69
25
-29
47
49
19
-31
71
-47
37
-89
11
-19
-19
25
-39
31
-5
-39
-17
39
65
-49
35
-13
-65
47
23
15
-3
-53
-1
9
-27
9
-63
-9
17
-17
-7
-29
93
-73
-37
19
-3
3
7
7
17
-21
-29
27
35
15
47
-13
17
-7
13
77
-33
63
11
-33
23
-37
69
-75
37
21
65
-61
-69
-49
-17
59
-65
47
89
-25
-69
-13
7
23
61
65
27
-17
7
77
-37
-33
-17
-37
-69
65
57
-3
-69
-5
73
-37
11
-99
25
-79
-19
7
-17
-1
-41
-111
-57
-49
1
-59
-61
-37
63
65
-51
73
-13
-23
-87
-73
23
107
13
-81
39
-41
-69
49
35
-51
61
-7
19
59
-3
107
79
65
-29
89
27
15
23
11
-7
67
-87
55
-39
-51
35
-13
-13
81
-25
21
-1
-33
-37
19
-117
11
83
25
69
-3
-21
3
-3
-43
-51
-25
-13
29
37
5
17
-27
19
69
47
15
-19
-35
-19
-15
15
-81
29
-43
41
87
-25
-119
23
-3
39
17
-63
73
-83
-9
-49
-9
7
65
-7
-51
5
13
-55
-59
-3
-63
13
-73
-63
-23
1
69
7
33
-7
21
-57
-49
55
3
-5
27
25
-31
-51
21
1
49
-29
-5
59
37
-25
-17
17
-7
-43
23
-3
31
-37
-49
49
-17
-23
-17
-55
51
35
1
-27
23
-25
59
29
29
-57
-87
13
-13
57
17
61
41
-19
-35
-23
27
-5
-3
25
-1
-3
-41
57
-9
-17
-11
-15
-45
15
-5
71
-9
21
-67
57
45
-35
-47
-57
31
1
-41
57
-9
-23
-39
17
-15
23
27
-63
41
73
-3
71
-49
45
-51
-33
-55
1
21
15
3
31
53
1
-3
-59
-5
-23
3
-11
-15
-3
9
-7
-1
13
-3
-29
91
21
39
11
-17
55
55
-63
-55
75
-1
-35
-67
37
49
11
-1
-35
-27
11
23
-13
-41
-31
23
-15
-17
-19
-21
3
21
-7
31
-25
-43
31
9
-17
-9
27
1
25
-1
39
17
35
-11
53
-29
-57
-55
-27
43
-31
-3
-21
-11
-39
-25
-41
17
47
57
17
-13
-59
-23
-19
17
33
-49
-57
-1
-17
-15
55
-59
-27
45
19
-17
39
31
15
-21
-31
1
-33
7
-9
-19
65
3
19
21
-5
37
-69
41
73
59
-35
23
49
9
45
79
-19
49
37
-53
37
51
-51
-15
-81
-37
35
-19
37
-37
-7
-67
21
-61
-1
7
-47
45
11
57
63
-41
25
25
123
-39
1
-41
-29
55
-29
-39
77
71
1
1
3
15
25
-21
-71
93
13
-7
-107
-55
9
25
59
-23
45
47
-75
15
-21
19
-93
63
-37
-43
31
65
3
-39
-71
5
-9
-11
-41
25
21
-87
51
-47
-27
-29
17
-41
-3
-33
-3
-7
-101
-25
67
-1
-35
27
-85
17
-33
17
51
-55
-63
25
-57
33
15
-87
65
11
47
43
7
-33
49
-25
49
53
57
-15
-23
-27
9
-15
17
41
39
-7
21
-19
-41
79
-45
-27
-9
-9
-55
85
19
-1
-31
55
71
11
9
35
27
5
-9
-33
-117
-29
-21
-101
-33
41
5
47
-9
55
-29
21
-25
31
-55
-45
-29
-21
73
61
-31
23
39
-49
9
27
35
-31
-25
-17
13
43
15
25
-55
-39
95
-19
-17
31
63
-13
127
-29
27
27
-85
-99
15
-15
21
9
53
9
35
-19
13
27
1
19
-33
41
-75
-21
-89
21
3
29
-29
13
29
7
-53
51
-37
35
-3
63
85
17
-23
-15
17
1
-25
-89
-55
-21
-11
57
-11
9
-37
-37
63
-39
37
11
-13
59
-45
7
-5
-65
-53
-19
-7
-59
-95
29
13
-3
-9
83
15
43
-23
-7
-49
45
-69
9
41
31
9
31
11
17
-25
3
73
-17
-17
-81
9
43
1
-1
-1
73
3
-53
59
25
5
29
-53
-73
-47
-31
39
-47
29
-15
29
-55
83
39
53
-23
-15
-67
21
-27
-3
35
-31
-1
-63
-17
3
21
-9
7
-29
41
31
-69
39
9
9
-19
51
33
9
3
87
9
-11
-13
39
29
63
3
21
-69
35
-51
-41
61
-5
1
59
-67
-35
131
3
-41
-1
-77
21
-11
-31
-31
43
-5
29
25
69
15
-19
17
67
11
-35
-39
67
-27
47
-55
-5
15
51
25
33
13
27
-7
-33
-63
3
21
-29
23
35
-43
19
1
19
1
-17
35
-37
5
9
71
27
35
-1
17
41
-33
9
3
41
19
-27
-51
61
7
73
-9
-25
-73
-63
-77
81
-13
-35
7
-3
-31
31
11
-31
-49
31
-15
-83
-11
-49
25
-21
33
9
-45
7
9
-37
-25
-97
-29
49
19
15
-35
23
47
3
25
27
43
25
-13
-3
-29
59
1
49
47
-29
27
-69
-49
-23
-17
-19
-53
27
-15
-61
-33
23
21
-39
-61
-9
45
-17
-45
15
-9
21
-15
27
-15
-73
-1
25
-21
21
-9
-7
3
-33
21
13
23
-55
43
-63
61
-19
55
15
-77
-17
43
-15
-17
21
41
7
33
27
-51
31
63
19
-15
-27
121
-41
39
25
-11
31
-21
-43
7
61
15
-51
-45
-73
-51
5
-55
45
25
15
47
-95
29
-39
-17
-49
21
15
39
-15
21
25
-69
39
1
33
-3
-9
37
43
-81
-3
43
5
51
27
-39
-15
-23
95
-33
15
-47
47
21
79
-51
-19
3
-39
-5
-11
23
13
-59
85
-19
39
-3
-67
25
-111
-21
-33
-17
-39
45
39
35
-19
-5
-55
-81
11
75
-71
-69
-33
-73
-25
-47
-61
21
-45
-39
15
-27
15
-7
-53
-31
-37
27
-63
45
29
1
129
79
25
21
-3
-53
11
37
-53
9
-17
-45
77
53
-17
9
21
-45
-29
-23
77
41
5
13
57
-43
45
31
29
-27
47
-23
-13
-25
31
-19
-23
31
25
-21
-15
13
17
45
55
-63
11
-5
19
-31
33
-67
-1
33
-13
-27
35
-29
43
-21
43
27
-111
-33
21
-33
35
11
-27
41
-47
39
13
87
-89
-47
57
9
-69
27
5
43
81
-91
-57
17
-23
-21
-57
-11
9
79
83
-25
-25
7
-1
21
-43
-35
-27
15
13
47
7
1
49
21
-25
-47
-17
71
-7
37
-55
21
-41
-3
3
41
35
5
1
-41
35
-15
-3
-11
-29
13
-55
-5
-19
33
-9
-19
45
3
-37
11
-15
-103
11
-45
-55
9
-29
45
29
33
-51
27
-15
51
33
-51
11
87
-19
-17
1
15
91
1
13
13
31
-45
-41
15
-29
-41
-5
-39
-23
31
19
-103
69
27
11
3
59
17
41
-3
43
31
41
-29
-39
-13
-65
1
35
73
-35
51
23
-47
-19
-45
-101
-35
-11
29
21
-65
-31
-51
47
47
33
45
19
11
23
-13
-73
-11
15
-7
11
39
-29
-51
89
-5
47
-7
5
39
71
75
-15
85
-25
-99
-27
-27
11
-35
-5
-41
35
1
-43
45
3
-17
-45
-51
-29
87
31
77
-3
-41
-21
-9
-61
25
-31
5
-45
-33
19
39
33
-15
43
7
63
-29
45
-13
57
11
-41
81
-39
75
-43
7
-67
-5
-11
99
13
23
9
-13
-27
7
43
-107
-61
19
15
69
-19
-71
41
-37
-3
65
23
1
11
23
-31
47
-15
-7
39
-37
-39
-61
-45
49
-5
-3
33
13
-7
63
-39
-81
-25
-109
-27
-39
23
-3
-5
-39
41
-9
-63
13
-47
-19
39
33
55
-13
87
7
-83
71
13
-3
-23
87
55
-17
-3
-1
15
-33
107
41
1
-33
29
-21
29
35
-31
-39
-77
23
13
35
19
-39
55
11
45
73
-59
-53
19
77
-3
-33
37
-59
-53
-11
-59
-1
45
-23
-5
-23
33
21
-43
-63
-23
-31
89
3
-55
27
59
5
-83
-57
-37
25
25
25
27
43
3
-29
-43
-23
-3
-73
-47
-19
25
45
29
-25
-43
23
-101
17
-19
35
87
53
31
63
17
25
-27
59
-47
-29
5
41
-29
17
-63
57
-39
-15
3
-29
3
-7
-31
3
29
7
29
-43
51
61
51
13
-43
-11
47
75
11
-49
59
45
-49
-1
73
31
17
55
45
19
7
-9
-59
-45
29
-65
-95
9
9
17
-25
-67
11
-7
37
57
-33
-15
-67
1
21
-37
3
-29
7
19
-19
37
-25
1
-9
51
-35
-17
-21
27
-23
29
29
9
-71
43
-51
29
39
-1
-23
55
-47
-35
11
-5
27
-43
25
15
-3
5
25
15
-9
-21
5
11
13
9
-19
-7
87
-39
21
-1
-37
59
-47
-21
15
3
-47
-37
43
55
-33
31
53
-31
-3
-31
-3
29
29
-5
5
-25
-23
-37
1
9
3
-25
73
45
9
11
33
-29
37
-15
-59
79
39
55
-21
-89
-31
-47
3
-41
47
-33
45
-17
-9
-79
-37
-27
23
-27
-7
-11
-17
9
35
-19
-15
-119
-3
-19
-17
5
5
19
59
-47
-9
-123
61
43
-17
-1
89
-21
-11
-49
49
-63
39
19
-19
-15
9
21
11
35
41
21
1
1
-9
1
-31
23
-27
15
13
-3
41
-1
49
21
-3
-47
-35
-9
-29
45
11
5
-51
51
-15
-23
-83
45
63
19
81
-43
-1
79
73
-25
-37
-55
-15
37
-57
-49
43
-3
19
75
13
83
-17
11
53
-29
23
1
23
27
27
-21
-15
-59
-51
37
39
1
-61
-9
-7
43
-25
-67
-31
-23
33
-39
43
-17
-25
25
-37
9
-79
25
-35
15
27
-17
15
21
1
-19
19
-13
33
-67
15
-13
-45
-9
-47
-7
-19
13
31
-21
7
43
11
-9
-7
35
-53
43
67
-23
-1
43
-41
-23
-9
7
-13
23
23
3
-79
27
-1
-37
91
53
-97
85
-17
-23
-77
41
57
43
39
41
63
63
-31
-1
3
31
33
-59
13
5
-3
-11
-37
53
33
-45
-15
27
49
-41
-83
-9
-81
-103
5
-37
7
-47
-41
-11
-23
-63
7
23
15
-15
-15
1
3
9
55
-41
-59
21
5
-19
71
33
-23
39
-33
25
111
-19
13
41
25
55
-37
63
-45
85
-75
-17
37
-43
-43
-3
25
-23
33
99
-15
-31
39
-71
-5
37
-7
45
-9
27
93
27
81
23
-51
41
37
27
-77
-31
-59
-61
103
43
-31
19
-103
-17
59
7
91
-57
-31
49
5
-17
-55
3
73
25
45
37
37
-47
-15
-31
-5
-55
-5
-45
35
39
49
17
-41
-51
31
-77
-11
-39
-29
39
-39
-5
-29
17
21
31
-43
37
-9
-97
-37
33
-29
-53
55
5
-51
37
69
-17
-9
-81
87
-73
49
-57
-27
-13
-33
-23
-29
-19
-1
1
-65
-1
-69
-21
17
35
61
39
71
1
85
-7
-3
-29
-3
21
-21
3
39
31
3
-13
5
-3
79
17
-3
63
-43
-29
11
19
27
27
-59
11
3
45
45
-9
-35
27
83
5
-1
-3
-31
41
45
3
-37
3
-15
-73
3
-13
-33
41
1
5
-15
21
27
-49
-35
35
-47
-13
-21
-3
-9
-15
-41
17
-11
1
-11
33
-127
27
27
15
-35
1
-15
33
-37
-7
-7
9
13
9
3
65
1
-87
-1
-7
-37
-31
-1
-25
15
57
-105
-59
45
47
7
3
-53
59
-39
-23
-23
21
-11
-45
69
-41
-17
57
15
-3
9
35
37
-35
23
21
15
37
45
3
35
-15
-5
39
-81
-19
-71
1
35
-33
15
-33
-3
-11
-17
37
-37
-37
-33
11
-17
57
-15
-63
-7
25
-35
-39
13
-3
29
-47
49
51
-65
-79
-41
-39
37
59
93
37
-23
-7
-53
-9
-33
21
-43
23
35
7
39
-3
-29
53
65
21
-67
-59
43
-37
19
27
-17
79
9
-21
59
-1
-17
21
17
-7
-17
-27
33
25
-13
-11
-3
-23
39
-61
7
-47
-47
21
-5
17
-23
25
-51
-3
-13
-45
3
43
-101
23
15
3
-35
-13
-17
29
-21
-15
-63
9
87
-19
11
-13
31
47
113
-13
-11
-3
-31
-35
27
